#!/usr/bin/python3
from Level.Region import Region
from Level import Level
import sys

class Main:
    def __init__(self):
        self.window = None

main = Main()
level = Level("Level1", main)
region = Region(level, 0, int(sys.argv[1]), int(sys.argv[2]))
#                  0        1        2        3        4        5        6        7        8        9       10       11       12       13       14       15
region.region = [[[1, []], [2, []], [0, []], [0, []], [0, []], [0, []], [0, []], [0, []], [0, []], [0, []], [0, []], [0, []], [0, []], [0, []], [0, []], [2, []]],# 0
                 [[1, []], [1, []], [2, []], [0, []], [0, []], [0, []], [0, []], [0, []], [0, []], [0, []], [0, []], [0, []], [0, []], [0, []], [2, []], [1, []]],# 1
                 [[1, []], [1, []], [1, []], [0, []], [0, []], [0, []], [0, []], [0, []], [0, []], [0, []], [0, []], [0, []], [0, []], [0, []], [1, []], [1, []]],# 2
                 [[1, []], [1, []], [1, []], [2, []], [0, []], [0, []], [0, []], [0, []], [0, []], [0, []], [0, []], [0, []], [0, []], [2, []], [1, []], [1, []]],# 3
                 [[1, []], [1, []], [1, []], [1, []], [0, []], [0, []], [0, []], [0, []], [0, []], [0, []], [0, []], [0, []], [2, []], [1, []], [1, []], [1, []]],# 4
                 [[1, []], [1, []], [1, []], [1, []], [2, []], [0, []], [0, []], [0, []], [0, []], [0, []], [0, []], [0, []], [1, []], [1, []], [1, []], [1, []]],# 5
                 [[1, []], [1, []], [1, []], [1, []], [1, []], [0, []], [0, []], [0, []], [0, []], [0, []], [0, []], [0, []], [1, []], [1, []], [1, []], [1, []]],# 6
                 [[1, []], [1, []], [1, []], [1, []], [1, []], [2, []], [0, []], [0, []], [0, []], [0, []], [0, []], [2, []], [1, []], [1, []], [1, []], [1, []]],# 7
                 [[1, []], [1, []], [1, []], [1, []], [1, []], [1, []], [2, []], [2, []], [0, []], [2, []], [2, []], [1, []], [1, []], [1, []], [1, []], [1, []]],# 8
                 [[1, []], [1, []], [1, []], [1, []], [1, []], [1, []], [1, []], [1, []], [2, []], [1, []], [1, []], [1, []], [1, []], [1, []], [1, []], [1, []]],# 9
                 [[1, []], [1, []], [1, []], [1, []], [1, []], [1, []], [1, []], [1, []], [1, []], [1, []], [1, []], [1, []], [1, []], [1, []], [1, []], [1, []]],#10
                 [[1, []], [1, []], [1, []], [1, []], [1, []], [1, []], [1, []], [1, []], [1, []], [1, []], [1, []], [1, []], [1, []], [1, []], [1, []], [1, []]],#11
                 [[1, []], [1, []], [1, []], [1, []], [1, []], [1, []], [1, []], [1, []], [1, []], [1, []], [1, []], [1, []], [1, []], [1, []], [1, []], [1, []]],#12
                 [[1, []], [1, []], [1, []], [1, []], [1, []], [1, []], [1, []], [1, []], [1, []], [1, []], [1, []], [1, []], [1, []], [1, []], [1, []], [1, []]],#13
                 [[1, []], [1, []], [1, []], [1, []], [1, []], [1, []], [1, []], [1, []], [1, []], [1, []], [1, []], [1, []], [1, []], [1, []], [1, []], [1, []]],#14
                 [[1, []], [1, []], [1, []], [1, []], [1, []], [1, []], [1, []], [1, []], [1, []], [1, []], [1, []], [1, []], [1, []], [1, []], [1, []], [1, []]]]#15
region.loaded = True
region.save()
